	4278402	4378401	4381401	4474401	4764401	4959401	5074401	5156403	5261401	5261402	5275401	5357403	5373401	5375401	5462402	5478403	5663402	5668401	5760401	5760402	5872401	5961403	6065401	6073402	6162404	6172401	6264401	6364401	6468402	6670401
Jan-01	1.340	2.160	1.950	3.530	115.580	185.200	136.000	10.480	97.470	47.880	607.900	402.010	203.000	517.600	5.230	809.300	8.990	35.190	39.000	59.582	0.000	17.000	0.550	38.720	0.000	109.600	44.210	26.990	22.030	0.000
Feb-01	2.390	3.450	4.500	3.060	37.760	103.300	123.200	0.000	55.650	20.120	410.900	189.540	233.200	495.300	2.730	989.800	4.720	47.570	15.150	25.988	0.000	12.400	0.340	76.450	0.000	150.300	19.330	8.480	21.360	89.400
Mar-01	3.120	4.370	4.970	22.590	109.130	241.200	215.100	13.370	115.620	39.820	584.500	474.250	376.800	801.000	4.360	950.500	10.460	59.900	39.610	84.031	0.000	25.000	0.420	61.960	47.510	0.000	53.690	21.200	22.190	64.600
Apr-01	2.240	4.380	6.560	12.080	231.870	144.200	152.200	9.180	74.870	29.430	394.200	292.260	244.700	401.300	5.510	510.500	10.680	27.600	21.020	60.472	0.000	13.300	0.280	20.340	34.190	0.000	50.610	17.500	11.300	15.700
May-01	0.680	4.580	3.480	4.460	156.980	153.000	168.900	0.000	84.790	40.020	542.300	308.180	306.100	518.100	5.010	570.400	11.360	54.750	26.280	51.082	113.800	13.900	0.340	19.900	31.260	33.000	35.060	19.160	8.320	6.900
Jun-01	2.180	2.900	3.580	7.160	49.170	139.200	57.100	4.330	72.830	23.740	213.700	287.710	135.100	236.500	0.000	226.400	0.000	31.780	40.710	59.762	27.800	17.900	0.650	17.130	53.080	45.100	48.420	15.610	14.970	14.900
Jul-01	0.820	1.400	2.260	15.420	51.470	86.800	43.100	3.950	42.190	14.550	213.200	139.650	148.000	228.100	6.680	136.500	0.000	25.730	13.890	19.820	0.000	4.100	0.450	28.370	12.620	47.900	11.710	6.720	7.500	3.800
Aug-01	1.530	1.660	4.980	4.870	61.750	60.400	77.600	5.210	43.710	12.300	293.400	63.400	154.800	299.600	4.450	432.000	0.000	32.140	23.400	33.623	0.000	8.300	0.580	36.620	19.130	37.800	13.380	8.680	4.710	5.900
Sep-01	0.460	0.940	4.020	10.570	79.760	155.800	69.600	8.060	54.000	15.680	230.000	222.430	163.700	245.900	3.500	220.200	18.310	34.200	34.310	58.730	163.800	15.500	0.440	59.070	41.660	40.400	45.760	14.680	6.040	10.400
Oct-01	0.440	1.430	4.180	36.650	124.620	223.000	205.200	11.460	142.020	30.180	541.600	447.220	280.000	586.500	11.570	815.400	17.180	57.250	69.700	0.000	610.800	49.900	1.120	45.170	115.220	61.800	97.230	34.570	12.730	17.300
Nov-01	1.710	1.610	4.370	4.430	119.860	203.200	126.800	14.960	167.250	46.020	372.400	522.550	234.200	399.800	16.510	741.900	18.760	58.530	63.870	97.855	43.800	30.700	3.180	39.770	116.800	68.200	85.630	35.390	17.470	37.900
Dec-01	1.970	1.910	2.930	15.310	71.210	144.000	165.100	11.760	138.770	24.120	544.300	384.330	412.700	605.900	12.220	893.200	13.230	52.950	52.510	82.183	269.900	23.700	1.660	38.520	81.730	324.200	51.270	23.890	39.690	147.700
Jan-02	1.380	1.460	3.130	15.040	44.550	108.300	186.300	2.820	60.140	14.690	290.600	225.540	402.300	770.700	4.350	1234.400	5.450	57.360	15.130	23.297	169.400	8.100	0.520	98.690	24.670	369.500	44.210	10.310	36.800	109.200
Feb-02	0.480	0.690	1.330	5.270	91.180	66.900	48.600	1.340	30.640	6.030	255.600	111.990	179.400	0.000	1.620	471.700	2.630	39.630	6.320	11.730	101.100	2.700	0.180	49.550	7.840	0.000	19.330	4.640	16.100	20.300
Mar-02	0.420	0.890	0.930	7.500	54.590	98.700	42.400	1.100	19.570	2.720	67.600	131.060	55.400	119.800	1.350	82.600	1.650	15.250	4.920	10.781	0.000	3.100	0.090	17.450	5.610	41.200	53.690	2.790	7.650	7.900
Apr-02	1.060	1.350	2.370	13.720	36.810	117.700	44.200	4.720	21.880	7.380	103.800	171.350	69.500	132.400	2.350	40.600	1.730	14.500	22.180	28.988	7.000	5.700	0.070	9.320	10.390	30.000	50.610	5.190	6.150	8.100
May-02	1.270	1.150	2.120	17.090	0.000	138.900	108.900	3.750	44.990	21.030	371.200	247.530	238.000	358.800	3.210	344.500	3.340	43.170	22.480	45.982	36.700	8.400	0.400	29.000	28.570	43.200	35.060	10.420	7.800	9.400
Jun-02	1.010	1.100	2.140	11.000	0.000	118.100	95.700	3.710	52.810	27.700	316.200	234.510	211.500	327.600	3.890	428.800	3.240	39.840	22.480	54.912	33.400	14.000	0.730	43.790	51.680	0.000	48.420	17.970	9.810	0.000
Jul-02	1.060	2.520	0.000	2.070	22.660	21.900	28.100	1.720	25.740	3.360	75.900	80.990	43.000	103.000	4.270	102.400	1.810	11.570	10.820	17.720	37.000	3.100	0.400	19.190	13.000	0.000	11.710	3.940	3.390	0.000
Aug-02	0.430	1.200	0.000	0.020	18.190	42.600	82.100	6.390	41.860	6.370	265.800	134.090	157.200	273.300	4.550	275.200	4.320	17.030	10.820	42.670	73.400	9.000	1.130	20.370	35.790	0.000	13.380	13.670	5.250	4.100
Sep-02	0.610	0.630	2.740	55.470	0.000	37.900	115.200	2.970	24.370	4.570	265.500	73.390	109.100	296.600	1.820	356.500	3.260	23.250	16.540	24.107	39.000	9.300	0.480	48.170	16.810	54.800	45.760	6.080	3.770	6.300
Oct-02	0.000	0.930	2.660	47.940	151.680	115.900	199.400	20.550	0.000	9.120	547.800	216.510	283.200	543.900	2.560	788.900	3.640	26.800	34.900	52.371	28.100	16.400	0.830	36.140	41.400	91.100	97.230	24.980	9.310	11.400
Nov-02	0.000	1.520	2.670	0.000	117.820	139.100	179.100	14.090	62.900	18.880	374.400	269.260	184.900	383.700	2.860	463.300	6.090	38.900	43.130	68.600	40.700	21.400	0.810	27.000	57.680	44.500	85.630	28.380	12.610	16.500
Dec-02	0.800	1.070	1.920	52.680	41.850	60.100	124.500	3.730	37.960	13.670	269.900	144.570	234.200	353.800	1.550	430.500	5.110	51.140	13.020	22.223	60.700	6.300	0.610	51.030	26.120	0.000	51.270	8.970	9.050	25.600
Jan-03	0.750	1.320	3.230	44.220	36.170	91.200	110.700	1.840	29.400	9.050	324.200	140.550	322.400	431.200	1.240	765.100	4.270	46.330	7.820	18.254	89.500	2.700	0.180	57.790	12.820	0.000	11.210	7.610	19.360	248.000
Feb-03	0.000	0.790	1.360	23.690	20.520	22.300	71.900	1.370	12.840	1.600	259.800	45.220	76.400	310.800	0.970	570.800	2.580	27.970	4.800	8.169	27.800	2.200	0.040	31.670	6.690	0.000	5.680	3.620	11.530	0.000
Mar-03	0.000	0.620	3.680	15.530	21.620	109.400	65.500	3.650	19.830	7.910	197.100	135.050	213.100	203.800	1.530	84.600	2.710	40.350	10.660	20.286	84.200	3.400	0.170	44.180	9.610	0.000	12.060	4.940	11.300	33.300
Apr-03	0.000	0.000	6.870	26.660	34.520	46.300	41.700	2.750	19.760	9.780	267.700	95.510	191.200	340.600	1.300	386.900	3.510	32.860	11.180	22.066	38.100	3.500	0.150	20.660	11.700	0.000	10.680	4.820	8.080	6.400
May-03	0.000	1.110	4.010	62.370	22.130	99.000	85.100	4.710	34.890	15.120	256.600	176.530	168.200	261.800	4.450	321.900	2.980	15.600	27.480	47.923	15.100	7.700	0.320	47.610	29.880	0.000	38.020	10.960	7.620	10.300
Jun-03	0.000	1.340	3.160	27.710	35.280	60.600	30.900	4.900	23.510	13.260	110.500	126.370	61.400	111.300	2.190	87.300	5.280	19.340	26.160	37.366	10.800	13.700	0.250	22.150	33.270	52.400	25.210	14.470	6.380	4.200
Jul-03	1.120	1.440	4.660	27.640	77.980	121.700	108.000	6.190	46.480	15.050	310.900	213.620	187.100	319.900	1.970	334.700	7.500	44.390	32.290	48.472	40.500	16.800	0.570	25.410	53.360	46.500	42.760	20.250	8.240	9.200
Aug-03	1.960	1.780	2.920	23.560	92.410	132.500	112.800	3.730	24.510	19.170	387.500	210.460	261.800	389.600	3.490	493.200	6.550	40.470	23.620	38.700	67.500	12.400	1.000	35.120	42.160	56.800	36.320	27.360	9.860	13.000
Sep-03	0.720	0.660	2.750	8.440	114.650	96.300	200.300	3.240	27.560	32.930	656.300	193.770	386.700	679.400	2.660	984.300	3.210	56.080	13.920	22.510	115.800	6.700	0.500	85.570	20.240	141.600	19.200	14.760	9.130	14.600
Oct-03	1.430	1.860	3.010	4.360	113.260	160.300	157.600	15.400	67.430	23.910	491.500	349.100	288.100	545.300	6.010	984.300	5.790	68.350	44.240	69.514	95.000	22.500	0.940	36.900	58.860	73.400	56.190	22.020	10.520	13.000
Nov-03	2.630	2.380	2.260	4.630	72.580	123.300	91.900	6.580	51.820	31.000	299.000	246.080	190.900	325.400	3.380	984.300	6.590	48.850	0.000	64.373	34.800	20.400	0.570	14.360	70.070	43.500	62.380	34.310	12.230	13.000
Dec-03	2.040	2.250	1.330	8.750	163.300	179.900	379.700	7.870	84.310	48.080	975.900	358.570	544.600	987.000	3.960	1742.600	8.750	95.890	0.000	43.188	178.400	12.400	1.480	211.390	43.480	422.800	56.800	31.060	47.650	108.800
Jan-04	1.240	1.660	0.550	9.040	76.420	108.700	211.300	5.050	59.260	23.540	868.800	245.610	530.100	848.400	3.320	1638.300	5.690	69.980	12.360	23.793	613.100	4.800	0.440	85.580	17.590	320.000	29.710	17.060	51.920	285.400
Feb-04	0.670	0.840	0.330	7.650	24.580	38.900	62.100	2.890	28.100	9.640	344.500	112.410	185.400	448.200	1.630	1145.300	3.750	27.270	10.440	15.661	37.500	3.900	0.140	0.000	16.520	179.500	16.940	9.000	23.200	37.800
Mar-04	0.610	0.480	0.340	5.020	27.930	31.600	97.800	2.490	20.380	9.860	359.300	112.480	281.100	374.700	0.940	499.000	2.330	24.750	6.350	9.483	29.700	3.600	0.170	41.710	11.810	112.500	25.490	9.620	13.550	28.100
Apr-04	0.790	0.620	2.060	5.140	26.870	42.300	59.100	3.870	15.610	6.150	110.500	48.200	68.100	136.300	1.170	99.200	2.280	18.500	9.090	14.835	16.100	4.300	0.200	15.650	16.870	31.000	19.210	7.150	6.750	8.000
May-04	0.790	0.600	1.630	5.550	39.150	67.100	117.000	8.440	33.280	11.070	173.400	131.300	68.600	192.400	3.950	192.600	2.840	20.730	25.680	42.514	11.400	15.400	0.000	16.780	47.360	32.000	34.380	5.940	5.010	8.600
Jun-04	0.650	1.290	1.860	5.700	29.360	29.600	62.800	7.030	24.160	3.430	111.500	79.800	45.300	130.600	3.080	145.500	3.060	12.080	16.560	26.790	12.500	6.800	0.330	16.190	15.360	17.200	11.090	5.040	3.940	5.900
Jul-04	0.940	1.510	4.520	6.710	77.820	83.400	201.800	7.440	34.160	13.990	476.600	144.810	222.700	469.000	2.360	655.400	4.380	38.140	27.050	40.596	48.000	12.200	0.750	37.340	31.610	46.100	31.970	14.730	3.420	6.600
Aug-04	1.350	1.410	3.170	4.900	22.610	27.500	39.300	8.000	12.140	2.540	107.800	53.090	83.000	132.700	1.340	208.800	1.900	13.770	6.790	13.376	25.600	3.700	0.420	23.730	9.750	26.200	8.310	4.130	2.560	5.700
Sep-04	1.050	1.070	2.600	4.810	100.290	191.900	130.700	9.280	76.810	12.300	397.800	308.520	293.700	373.700	5.630	387.700	15.100	64.880	45.600	21.251	80.000	28.000	1.410	52.650	80.000	119.000	81.570	34.680	8.050	23.500
Oct-04	0.620	0.630	2.460	6.200	56.260	72.600	91.900	6.140	64.090	8.410	285.600	192.200	152.900	295.000	7.920	466.300	7.890	32.600	45.750	50.298	27.800	21.600	1.140	30.650	73.730	65.500	40.360	23.390	4.840	12.100
Nov-04	2.840	1.640	2.590	13.870	62.010	80.700	99.200	7.370	34.600	14.150	212.500	122.330	111.900	236.600	3.550	206.500	8.400	20.330	41.040	51.847	9.600	11.200	0.280	10.600	59.820	33.500	42.800	24.670	5.480	11.500
Dec-04	3.340	1.930	7.610	0.000	74.510	149.700	281.100	8.580	59.550	7.580	820.200	203.000	403.500	825.200	3.320	1250.300	10.500	80.150	33.300	50.141	22.300	21.500	1.040	0.000	62.000	202.200	82.510	42.350	26.410	56.000
Jan-05	1.470	1.880	5.990	2.180	36.010	138.700	75.500	5.770	53.270	8.720	393.300	242.280	206.300	480.200	3.720	1061.100	5.500	50.920	19.740	20.604	39.000	12.600	0.760	43.360	33.880	220.500	25.940	12.910	15.810	13.100
Feb-05	1.930	0.710	1.920	1.730	21.420	29.500	31.700	2.790	16.920	1.320	99.100	54.920	61.100	68.500	1.050	91.500	2.620	21.940	6.020	7.713	9.900	4.100	0.130	8.120	13.130	19.700	5.610	4.540	3.220	9.600
Mar-05	0.720	0.810	3.850	6.050	29.480	21.900	49.200	3.220	10.180	4.050	102.100	70.340	45.700	125.600	0.770	104.900	1.660	13.760	7.270	16.063	5.400	5.600	0.070	12.690	10.160	25.500	7.600	2.760	2.160	10.300
Apr-05	2.880	1.390	3.770	7.570	42.530	45.900	55.700	5.130	10.980	7.080	125.500	60.930	61.700	166.600	0.940	138.700	0.740	10.860	9.710	17.693	3.200	6.100	0.030	5.480	15.700	20.400	10.780	3.910	2.150	8.000
May-05	4.350	2.290	7.690	168.330	124.170	129.200	183.700	5.470	50.990	22.270	453.100	240.040	130.900	438.600	2.340	520.000	4.220	69.200	29.170	47.074	55.800	18.700	0.870	15.720	55.980	38.200	47.590	12.510	2.330	8.200
Jun-05	1.970	1.600	3.860	306.740	82.740	188.500	160.200	5.360	52.360	21.660	501.300	306.540	220.900	547.500	3.990	490.400	8.300	65.730	32.350	36.024	110.700	11.300	1.190	54.980	62.830	185.800	65.030	29.890	7.970	32.100
Jul-05	2.040	1.840	6.500	77.780	69.200	108.900	140.800	5.950	51.040	9.480	321.400	193.000	183.600	344.000	4.690	380.800	9.510	60.430	31.960	47.892	99.100	18.500	0.670	44.420	44.620	81.400	42.980	25.290	4.050	17.200
Aug-05	1.600	2.240	7.120	36.980	41.770	57.600	43.200	6.300	38.220	12.100	100.700	110.020	54.800	107.200	1.430	77.500	6.730	37.140	17.840	30.593	24.600	8.400	0.760	25.350	0.000	43.300	14.060	21.600	4.010	8.900
Sep-05	0.170	2.920	4.960	55.360	71.120	62.300	101.500	7.230	32.020	18.790	234.900	128.930	118.400	257.100	2.230	264.300	4.900	31.780	15.280	19.209	18.700	4.000	0.910	22.320	31.130	54.600	13.180	16.750	2.750	8.900
Oct-05	2.900	2.610	5.660	48.080	51.340	55.900	176.300	6.050	26.250	4.200	321.000	129.880	120.400	330.900	2.660	393.900	4.730	25.550	16.360	38.651	13.600	15.100	0.720	0.000	48.540	48.200	43.150	23.970	4.560	10.600
Nov-05	3.460	3.430	7.460	85.350	62.330	101.200	108.000	7.710	53.900	5.240	312.100	205.540	178.200	347.700	3.680	797.200	6.510	63.780	53.790	59.197	76.700	25.700	2.890	32.900	79.430	59.300	56.050	24.430	5.440	9.300
Dec-05	3.130	3.720	5.930	123.270	106.930	95.500	154.200	8.930	62.910	10.010	498.400	239.280	342.600	541.900	4.350	408.200	7.530	60.110	31.840	42.367	75.500	17.900	0.690	0.000	74.180	89.500	58.580	35.100	16.970	31.500
Jan-06	4.590	3.460	7.150	25.000	100.960	107.600	199.100	5.590	59.510	23.600	476.900	189.060	452.300	508.300	4.950	696.200	4.660	58.670	26.090	40.339	67.900	10.000	0.380	0.000	45.170	168.500	29.280	20.200	14.890	134.900
Feb-06	3.820	4.030	6.890	50.630	134.050	162.900	527.200	6.360	142.430	47.330	1051.300	373.450	987.700	1232.200	7.300	2344.400	10.180	134.360	29.130	52.695	435.700	11.700	1.590	176.340	52.640	108.900	42.580	19.610	34.820	71.800
Mar-06	1.990	2.820	4.400	11.290	86.580	87.100	120.300	4.090	62.210	34.720	309.600	208.780	137.400	350.000	4.960	1070.700	4.950	42.080	20.500	27.721	31.600	7.600	0.530	24.830	34.420	49.900	23.330	11.260	7.340	28.000
Apr-06	1.540	2.780	4.770	12.470	93.400	170.100	109.800	4.110	79.130	26.370	242.700	301.390	0.000	253.200	6.110	206.000	8.600	45.390	37.900	54.724	28.700	16.800	1.240	14.730	43.630	55.700	39.690	16.400	5.080	16.200
May-06	5.300	5.480	3.230	32.490	105.870	221.500	152.000	4.380	141.050	58.900	358.200	434.420	0.000	355.300	10.110	400.000	15.310	72.050	48.080	78.304	111.100	25.900	2.620	30.400	76.370	47.000	60.810	28.880	9.980	25.500
Jun-06	3.180	3.440	0.430	23.740	179.170	240.300	307.300	4.630	161.060	60.640	702.600	477.900	691.100	704.000	12.500	896.000	13.220	83.190	63.110	81.091	230.900	33.900	1.520	60.170	117.780	125.500	106.910	45.330	20.840	41.400
Jul-06	1.460	1.740	0.460	28.860	96.310	62.500	0.000	1.490	56.850	21.970	363.300	163.860	243.400	357.700	1.890	375.500	6.470	39.370	19.830	20.248	47.500	9.200	1.040	37.770	35.810	79.800	19.420	18.450	17.630	20.400
Aug-06	1.520	1.460	0.340	14.130	68.820	59.100	122.500	0.960	36.230	9.030	429.600	121.820	0.000	373.100	3.260	509.800	5.670	40.960	19.730	23.422	39.600	8.900	2.290	39.080	29.870	66.000	30.610	17.550	12.900	17.100
Sep-06	1.620	2.580	0.430	22.490	109.650	143.000	173.600	2.070	59.920	29.860	614.500	282.340	253.900	519.700	6.770	791.600	7.660	45.490	40.770	65.291	28.500	27.000	1.370	41.250	53.560	121.400	52.520	26.580	18.480	22.000
Oct-06	2.350	3.120	0.490	21.490	99.250	107.600	103.600	3.470	72.770	23.200	476.000	292.300	72.500	325.700	4.040	336.600	10.920	32.270	40.590	63.347	22.400	23.000	1.720	16.270	59.870	35.000	52.590	27.350	14.960	11.100
Nov-06	3.040	3.650	0.510	6.240	89.530	236.700	108.600	6.590	79.010	29.130	156.900	303.060	82.800	3444.000	3.070	361.900	10.580	44.700	33.450	58.825	36.300	11.900	0.900	19.370	59.870	50.300	48.850	23.490	13.320	16.600
Dec-06	1.630	2.890	0.430	3.240	66.070	201.600	106.500	6.480	54.500	22.580	281.700	335.310	140.400	317.500	3.620	204.600	7.210	46.120	32.830	52.344	56.100	15.000	0.570	76.580	42.480	354.900	33.300	15.680	51.360	81.000
Jan-07	3.650	3.760	0.320	2.900	171.640	386.700	221.300	12.130	109.480	72.400	838.500	590.910	552.900	903.500	4.680	0.000	11.400	156.100	33.610	49.316	265.400	12.200	1.510	211.440	48.590	479.700	77.600	42.910	117.280	0.000
Feb-07	1.730	2.740	0.390	2.480	70.830	89.100	50.200	5.970	37.040	22.270	275.400	198.050	169.500	356.700	3.020	280.300	4.160	22.880	17.680	27.479	14.200	3.700	0.420	29.320	24.200	77.100	15.180	10.700	22.470	0.000
Mar-07	2.180	2.880	2.070	3.560	53.560	133.100	52.600	3.920	51.060	27.970	286.200	0.000	106.700	181.500	3.040	158.500	5.310	45.400	17.840	23.720	40.200	8.200	0.220	17.040	21.270	59.600	26.840	10.830	12.350	2.900
Apr-07	1.860	3.150	3.430	3.220	52.710	102.700	37.800	3.480	31.240	14.160	145.200	198.830	90.600	159.600	1.960	120.800	4.820	23.510	17.590	24.234	6.000	7.400	0.180	8.020	15.580	23.200	11.870	7.700	7.150	3.900
May-07	2.610	4.300	3.410	2.560	157.070	259.700	0.000	5.880	65.080	28.650	619.200	359.070	323.600	609.300	3.760	808.100	10.140	51.880	34.410	39.390	53.200	15.200	1.000	30.900	39.080	69.800	60.660	26.170	16.790	13.300
Jun-07	1.170	2.040	3.030	2.510	138.190	225.200	300.600	8.110	94.150	39.260	379.700	412.030	182.700	384.800	4.810	472.300	17.190	58.670	39.230	0.000	60.400	19.500	0.630	25.520	75.280	54.300	70.760	26.000	19.270	12.000
Jul-07	0.700	1.460	2.330	3.050	61.520	89.000	139.700	7.400	77.740	19.140	292.500	207.660	117.500	313.500	4.820	359.000	9.310	52.640	23.010	39.757	54.100	12.300	0.810	15.680	38.960	53.000	27.500	14.360	12.400	5.700
Aug-07	1.020	2.080	2.630	2.280	66.730	145.400	121.100	7.750	65.090	15.230	334.600	236.840	172.000	346.300	2.680	429.400	6.250	63.870	27.300	39.323	60.000	14.100	1.100	35.590	41.560	39.300	37.490	15.260	8.670	5.800
Sep-07	1.580	2.860	3.080	2.800	123.830	111.900	76.900	12.570	42.980	18.110	286.900	197.200	142.800	281.800	4.470	316.400	8.650	35.240	37.970	55.707	21.300	22.900	1.160	19.630	64.650	39.300	47.350	16.130	9.430	7.700
Oct-07	0.970	0.000	2.960	4.980	94.850	130.000	0.000	10.340	72.170	20.080	462.800	256.820	396.600	453.200	5.940	552.200	8.440	58.540	34.610	51.545	86.400	15.100	1.230	37.600	77.340	44.200	67.130	27.120	15.280	6.800
Nov-07	0.860	1.790	3.320	0.000	103.890	144.500	39.900	13.120	98.410	23.120	696.900	383.870	286.200	502.200	9.020	793.500	9.940	65.060	45.920	71.524	70.000	21.400	2.380	28.580	75.930	70.700	71.160	29.460	18.850	7.900
Dec-07	0.880	0.670	1.590	1.870	60.490	87.700	131.100	7.430	67.290	5.220	0.000	201.940	234.600	437.700	7.850	697.700	8.200	50.300	18.320	33.512	74.700	9.100	0.660	89.320	36.370	168.400	41.990	14.440	30.060	87.200
Jan-08	0.860	1.400	1.330	2.030	101.340	150.600	113.100	5.050	79.220	14.980	370.300	277.580	207.300	423.100	4.740	781.100	9.380	60.510	28.400	45.985	67.800	12.000	1.180	53.500	55.500	117.200	64.890	23.510	31.700	130.100
Feb-08	1.290	1.860	2.870	0.000	166.410	101.100	125.900	7.550	123.220	41.120	472.500	291.750	140.900	243.000	5.010	802.100	13.170	88.400	28.210	47.028	197.200	11.800	1.660	148.700	82.530	304.600	117.710	47.640	83.420	375.400
Mar-08	2.340	2.060	2.840	0.000	170.500	266.400	189.100	14.110	200.130	78.510	776.800	643.450	410.600	434.000	11.160	1174.500	9.710	131.640	51.980	94.206	31.200	30.900	0.640	138.600	82.810	377.900	91.600	34.670	29.620	79.800
Apr-08	1.300	3.490	0.470	0.000	124.080	248.100	163.600	7.930	105.690	48.590	334.300	513.290	179.000	344.300	6.820	312.100	8.830	49.490	36.760	60.048	36.300	18.500	0.300	27.240	73.720	53.200	67.310	27.500	10.750	26.700
May-08	1.400	5.590	0.580	0.000	71.360	95.900	143.300	7.120	118.230	23.560	418.300	273.000	313.600	455.600	5.770	606.600	11.280	49.920	28.750	37.874	53.800	9.700	1.220	32.320	64.790	73.000	43.490	21.120	11.470	17.200
Jun-08	0.940	2.400	0.530	0.000	83.130	164.600	182.500	5.100	106.190	32.160	465.100	331.670	395.800	494.600	4.970	572.800	13.840	60.090	34.670	44.252	48.600	25.100	0.870	29.840	77.090	70.500	71.990	27.800	12.150	22.100
Jul-08	0.910	2.450	0.510	0.000	141.620	166.200	182.100	5.490	123.270	49.580	476.600	410.120	0.000	692.400	6.800	604.000	11.990	66.190	48.250	70.918	101.900	25.500	0.900	53.430	102.380	182.100	81.350	35.760	19.630	29.800
Aug-08	0.870	1.360	0.590	0.000	107.760	108.400	114.000	3.310	39.370	25.730	362.400	211.010	220.700	301.100	1.470	384.700	5.670	37.210	19.660	24.151	27.300	15.000	0.310	32.290	41.820	57.400	26.850	15.130	10.570	21.500
Sep-08	0.860	1.880	0.930	0.000	214.720	118.900	195.900	7.590	51.320	31.100	476.800	295.390	187.100	489.900	1.760	282.800	6.990	41.750	26.840	38.953	54.000	24.500	0.550	70.190	33.020	98.000	33.600	12.400	4.800	10.800
Oct-08	0.920	2.300	0.620	0.000	95.350	142.700	150.900	8.530	89.750	64.390	384.900	0.000	168.000	391.400	4.860	353.700	8.760	53.310	36.930	61.075	21.500	23.500	0.690	36.130	46.260	0.000	60.820	23.370	4.890	11.100
Nov-08	1.080	1.180	1.290	0.000	109.680	389.200	194.200	7.510	168.160	74.090	322.700	657.840	393.600	620.000	7.830	689.000	15.910	105.980	40.120	68.012	151.700	26.000	1.240	50.760	74.990	144.800	86.990	34.710	16.020	37.800
Dec-08	1.660	6.240	2.330	0.000	141.560	167.800	141.500	5.690	90.600	37.550	536.800	385.450	355.000	589.800	5.340	761.800	9.840	87.790	33.360	44.291	100.100	18.400	0.750	33.300	66.350	91.100	56.560	30.490	17.260	41.800
Jan-09	2.270	6.160	3.440	0.000	107.720	267.500	169.900	6.370	179.610	82.830	622.200	515.130	443.300	638.300	8.950	1034.700	11.430	92.490	41.410	59.890	160.900	28.400	1.440	198.480	63.390	1161.800	91.370	33.150	66.550	97.000
Feb-09	1.210	3.970	4.040	0.000	94.810	196.600	277.900	13.030	119.380	0.000	801.200	516.250	313.900	642.100	5.580	977.900	8.180	64.040	23.700	30.808	65.000	13.800	0.830	86.240	52.170	281.400	34.130	18.400	34.150	125.900
Mar-09	0.980	0.000	1.050	0.000	112.200	366.200	172.700	16.510	163.110	0.000	539.400	592.900	328.500	533.800	9.600	743.600	12.890	67.960	47.820	70.019	52.500	32.900	0.790	45.850	22.020	144.200	69.320	24.980	23.910	51.500
Apr-09	1.300	2.840	1.520	0.000	52.350	109.800	188.600	8.010	96.830	0.000	389.500	278.920	191.900	399.000	5.200	578.200	6.770	51.980	31.300	36.859	23.100	19.000	0.450	45.850	33.020	87.100	28.950	9.690	13.050	17.400
May-09	1.440	3.760	1.620	0.000	27.920	60.900	221.300	5.370	37.680	0.000	438.200	159.140	179.900	471.500	1.510	666.600	5.060	28.800	0.000	16.930	26.800	11.900	0.690	34.810	26.150	43.800	20.770	10.380	10.200	26.200
Jun-09	1.110	2.400	1.810	0.000	0.000	147.900	103.300	3.400	18.480	0.000	243.900	86.820	121.300	386.300	1.110	267.500	3.440	30.230	9.510	8.885	19.300	7.500	0.240	56.020	17.840	54.800	10.960	7.340	9.050	10.800
Jul-09	1.070	1.830	2.000	0.000	0.000	78.800	217.700	5.470	38.320	0.000	524.300	88.460	246.900	550.900	1.850	864.400	4.330	43.570	23.250	19.355	103.600	17.600	0.950	56.440	40.800	76.000	34.260	15.960	9.050	12.400
Aug-09	0.900	1.290	2.320	0.000	0.000	98.100	83.200	7.500	21.620	0.000	205.000	103.780	126.800	294.600	1.240	230.200	4.560	30.630	20.020	20.987	22.300	12.900	0.680	25.810	27.760	43.400	30.510	13.990	7.150	8.500
Sep-09	0.820	1.950	2.170	0.000	0.000	55.100	68.600	4.660	27.810	0.000	176.100	113.950	85.700	205.600	2.590	255.900	4.590	21.980	36.900	50.586	8.700	24.600	0.990	13.390	47.750	29.800	32.380	12.820	6.970	5.200
Oct-09	1.290	1.690	2.190	0.000	0.000	84.200	133.800	13.990	42.800	0.000	359.700	166.500	107.300	286.800	4.780	330.200	5.920	24.570	38.960	37.689	16.900	17.800	1.570	19.880	51.420	27.900	44.410	19.540	9.760	8.000
Nov-09	1.520	1.640	2.320	0.000	0.000	109.000	198.700	7.550	56.240	0.000	456.200	204.490	210.900	461.200	3.570	587.300	7.610	34.020	37.030	34.995	20.400	21.200	0.720	29.090	52.740	48.500	36.220	23.320	10.110	40.000
Dec-09	0.830	1.750	1.260	0.000	0.000	124.900	92.300	5.570	54.610	0.000	321.800	303.470	183.000	328.800	3.600	427.700	4.850	39.680	28.150	26.830	28.800	15.100	0.500	50.200	36.200	111.300	23.650	16.890	14.130	90.200
Jan-10	0.650	0.270	0.650	0.000	0.000	88.300	305.600	7.000	75.330	0.000	852.100	286.420	548.900	0.000	3.660	1827.300	9.690	93.550	25.570	29.201	304.400	17.700	0.370	192.130	54.570	259.500	89.670	45.160	56.710	233.100
Feb-10	0.630	-0.120	0.410	0.000	17.830	33.800	35.600	2.510	19.730	0.000	72.900	62.690	90.700	93.300	1.100	462.200	3.090	22.500	7.490	10.068	15.500	8.500	0.100	12.670	13.240	40.100	7.070	31.320	16.470	8.800
Mar-10	1.110	-0.270	0.160	0.000	101.400	59.200	23.400	1.950	13.590	0.000	36.500	80.000	43.600	65.100	0.800	82.600	2.240	16.190	5.130	7.790	5.800	3.500	0.040	7.630	9.620	22.300	7.010	24.540	10.870	4.400
Apr-10	1.250	0.000	0.070	0.000	73.320	171.100	36.300	4.080	26.690	0.000	47.800	233.990	48.500	80.600	1.170	100.800	1.790	17.590	14.740	22.912	6.000	10.000	0.030	11.400	21.690	25.500	18.960	16.820	11.530	4.200
May-10	2.600	0.000	0.100	0.000	148.970	204.700	108.300	5.940	78.600	0.000	0.000	370.550	138.000	238.000	3.820	226.900	5.290	47.460	44.300	80.513	45.500	25.400	0.040	17.100	49.870	31.400	66.310	35.500	13.090	6.700
Jun-10	1.110	0.000	0.100	0.000	67.020	140.400	75.600	7.950	81.110	0.000	135.900	294.980	85.800	177.800	4.460	179.000	7.970	41.210	46.870	84.524	38.300	40.300	0.050	24.720	57.550	38.400	96.920	48.950	17.350	24.000
Jul-10	1.900	0.000	0.150	0.000	110.810	196.700	133.400	5.380	117.270	0.000	199.300	372.990	165.700	275.900	6.590	284.500	13.100	47.320	51.010	97.520	23.200	27.500	0.350	25.540	57.050	35.600	67.040	40.010	23.770	31.700
Aug-10	1.610	0.000	0.160	0.000	148.310	194.600	104.800	3.260	111.180	0.000	229.200	409.530	214.900	306.700	6.300	357.100	16.690	60.060	38.380	70.126	79.200	24.200	1.110	44.580	50.100	0.000	61.130	36.940	19.100	21.000
Sep-10	0.340	0.000	0.570	0.000	99.020	152.900	91.700	5.860	128.900	0.000	320.000	358.580	250.800	316.500	0.000	520.000	17.270	67.520	43.490	73.250	116.600	28.300	0.500	76.330	76.020	108.100	78.520	46.600	22.220	29.900
Oct-10	0.930	0.000	0.560	0.000	138.330	128.200	113.700	5.510	91.120	0.000	239.200	273.520	196.500	294.100	0.000	479.900	9.880	49.300	36.580	39.659	70.300	32.400	0.650	28.480	76.160	45.200	66.740	38.480	19.950	16.700
Nov-10	1.170	0.000	0.980	0.000	132.450	228.400	173.300	3.710	126.650	0.000	423.900	286.960	365.300	495.600	0.000	875.700	16.880	82.420	48.200	79.669	150.600	32.900	1.060	63.290	60.540	89.800	74.440	47.200	21.840	24.700
Dec-10	1.360	0.000	0.820	0.000	112.280	148.800	215.200	6.710	90.700	0.000	470.500	308.110	362.700	387.000	0.000	829.500	11.730	62.520	39.080	81.661	97.500	30.600	1.170	74.170	47.070	53.300	72.330	42.240	17.810	21.800
Jan-11	1.550	0.000	0.480	0.000	101.780	246.400	146.900	8.000	103.900	0.000	362.600	453.050	284.400	518.400	0.000	869.900	15.310	89.720	29.610	53.739	227.000	26.200	0.900	257.110	37.680	203.800	62.320	46.410	35.670	384.700
Feb-11	2.560	0.000	1.600	0.000	93.370	189.100	153.100	8.230	119.110	0.000	424.700	465.620	342.200	602.400	0.000	1451.500	16.120	89.840	39.030	60.833	186.000	17.200	1.340	117.590	42.700	219.600	65.910	41.560	30.290	129.800
Mar-11	4.360	0.000	2.870	0.000	164.980	271.400	218.000	4.590	123.920	0.000	487.400	554.330	125.800	280.700	0.000	1188.500	16.870	95.730	46.760	90.034	228.000	31.400	1.600	216.520	64.460	385.300	76.240	51.570	29.280	278.600
Apr-11	5.010	0.000	3.990	0.000	171.080	225.200	300.600	3.880	207.420	78.970	663.500	511.310	0.000	0.000	0.000	862.800	14.230	100.420	55.460	0.000	218.600	31.400	1.840	91.780	55.450	75.800	60.130	38.090	28.700	86.200
May-11	4.620	0.000	1.790	0.000	172.630	163.200	268.200	3.060	151.170	72.120	460.100	389.660	0.000	0.000	0.000	871.100	16.240	52.840	32.960	73.301	88.400	0.000	0.730	52.630	40.360	63.300	44.190	20.590	21.220	27.400
Jun-11	3.770	0.000	3.980	0.000	80.120	131.400	97.600	9.280	109.340	53.300	0.000	305.800	70.100	137.300	0.000	0.000	9.550	29.650	56.130	0.000	49.000	0.000	1.140	49.320	47.770	49.800	47.010	18.970	14.670	13.100
Jul-11	4.250	0.000	6.280	0.000	47.230	65.300	91.400	4.560	65.630	27.790	0.000	183.130	82.900	175.000	0.000	108.500	6.700	14.400	36.570	48.073	12.800	7.400	0.820	41.120	31.150	31.200	37.190	14.830	12.410	16.700
Aug-11	7.300	0.000	8.380	0.000	107.600	55.400	209.400	10.300	34.610	14.410	0.000	121.580	201.700	332.700	0.000	410.900	4.650	26.740	13.420	19.920	41.800	7.900	0.320	59.590	12.840	56.400	24.540	11.350	11.810	18.200
Sep-11	5.260	0.000	11.880	0.000	125.480	140.100	212.300	10.900	54.170	8.990	379.800	237.340	298.200	456.100	0.000	754.600	6.450	45.590	30.170	50.067	77.700	14.000	0.980	45.930	0.000	82.900	41.650	13.790	9.670	26.700
Oct-11	5.670	0.000	11.750	0.000	58.770	34.800	214.100	6.080	29.830	4.820	227.400	84.540	116.600	331.700	0.000	478.400	4.270	24.620	30.170	36.277	22.200	15.100	0.620	31.150	14.170	27.200	12.340	5.300	8.770	14.700
Nov-11	6.400	0.000	8.710	0.000	135.020	66.800	0.000	9.350	48.770	16.270	291.700	155.300	242.600	394.000	0.000	599.800	4.520	33.330	0.000	54.430	49.600	16.400	0.690	64.800	19.530	96.100	26.750	0.000	15.660	57.600
Dec-11	5.800	0.000	8.760	0.000	311.740	128.800	105.300	8.740	69.000	55.160	402.200	313.530	336.100	508.600	0.000	951.700	4.050	56.650	0.000	46.599	131.500	20.100	0.750	121.610	27.700	326.300	45.870	0.000	20.790	147.600
Jan-12	5.300	0.000	5.430	0.000	75.800	255.200	161.700	7.380	71.360	45.280	427.100	378.490	0.000	572.200	0.000	1187.800	7.160	65.310	16.350	25.396	177.900	11.200	0.990	177.220	23.380	523.900	27.250	0.000	0.000	340.700
Feb-12	7.040	0.000	6.010	0.000	91.440	103.400	159.200	6.340	71.410	37.300	313.600	232.810	276.400	427.700	0.000	762.300	7.800	45.710	29.640	31.702	61.900	13.100	1.180	80.560	21.210	266.200	40.460	0.000	0.000	0.000
Mar-12	0.000	0.000	0.000	0.000	91.850	102.700	204.800	9.520	56.520	19.410	261.000	223.360	266.500	446.000	0.000	703.300	6.420	35.980	23.490	25.925	68.900	12.000	0.830	89.250	22.560	156.900	30.760	0.000	0.000	52.800
Apr-12	0.000	0.000	0.000	0.000	188.710	249.300	257.600	12.100	99.320	49.590	620.400	441.380	360.000	615.800	0.000	1050.700	10.180	54.010	40.440	57.546	105.600	19.400	2.180	73.730	31.280	182.700	67.170	0.000	0.000	54.800
May-12	2.440	0.000	0.430	0.000	99.460	101.300	175.500	6.230	65.370	23.350	396.700	220.530	203.700	606.300	2.420	938.100	9.690	55.140	32.620	41.289	115.300	15.300	0.530	86.080	25.050	113.400	60.880	0.000	0.000	29.600
Jun-12	1.830	1.010	0.230	0.000	73.520	57.800	105.000	9.610	34.140	8.430	200.700	108.210	168.300	87.700	2.890	664.700	3.330	24.450	20.310	29.408	18.200	15.400	0.310	43.890	14.970	76.700	24.100	0.000	0.000	15.800
Jul-12	2.440	1.060	0.210	0.000	148.430	95.600	204.200	10.060	54.680	22.030	414.500	160.640	107.500	507.400	2.030	844.400	5.870	58.750	16.660	23.941	141.600	14.000	1.460	76.470	14.200	137.600	0.000	0.000	0.000	11.100
Aug-12	2.130	0.920	0.070	4.970	65.710	49.000	102.400	6.040	27.660	12.750	80.100	89.350	196.200	178.300	1.120	319.100	3.760	44.060	7.430	7.856	93.600	5.900	0.140	84.790	13.300	117.900	40.450	0.000	0.000	7.500
Sep-12	2.830	0.910	0.040	9.580	56.120	71.500	90.000	8.410	44.570	15.850	58.200	138.820	138.400	129.500	5.730	356.600	6.460	24.520	34.600	39.666	20.400	16.900	0.000	0.000	21.730	68.100	56.100	0.000	0.000	9.900
Oct-12	1.920	0.940	0.000	2.060	56.930	86.600	119.800	8.430	43.590	5.930	171.200	123.590	148.900	251.200	5.220	305.400	7.040	16.290	36.810	51.642	18.700	17.600	0.910	45.000	20.780	66.400	31.720	0.000	0.000	19.500
Nov-12	4.430	0.970	0.000	2.860	121.940	270.300	179.500	14.160	86.100	30.330	381.200	420.530	257.600	500.000	6.360	804.300	15.110	41.520	48.360	60.704	50.600	20.900	0.630	59.600	18.410	117.900	0.000	0.000	14.190	60.900
Dec-12	3.920	0.000	0.250	2.810	78.810	101.000	156.100	5.550	52.320	17.030	418.700	164.200	261.800	543.200	2.940	991.200	8.390	45.790	22.300	17.547	135.200	11.400	0.440	155.860	16.860	306.300	24.820	0.000	25.210	43.500
Jan-13	1.930	0.000	0.200	2.280	58.860	120.500	153.000	4.990	53.040	18.130	442.000	173.450	282.700	651.900	3.110	1380.300	8.080	63.050	15.340	19.842	220.100	11.400	0.990	201.110	14.750	331.800	66.040	0.000	36.060	105.600
Feb-13	1.120	0.000	0.280	2.860	51.470	125.600	139.800	4.170	36.060	11.130	384.000	105.070	386.400	714.500	1.410	977.600	6.670	57.820	10.650	11.667	233.400	6.500	0.870	168.100	16.170	0.000	18.850	0.000	31.820	99.100
Mar-13	1.380	0.000	0.220	2.650	79.880	130.000	51.600	3.640	37.650	21.890	196.100	154.800	128.500	191.300	1.950	380.000	3.650	41.740	16.980	20.591	21.400	9.200	0.310	24.000	16.440	0.000	23.420	0.000	13.510	21.700
Apr-13	3.200	0.000	0.380	4.960	188.680	274.400	138.700	7.060	178.940	83.880	325.500	524.280	250.800	392.400	8.330	524.000	24.980	95.100	56.290	85.378	176.000	37.200	0.680	78.390	54.110	0.000	70.850	0.000	23.660	30.900
May-13	1.960	1.180	0.230	7.670	134.250	217.500	154.900	6.440	160.510	69.420	292.600	457.640	231.400	367.900	6.080	445.500	17.430	71.640	46.100	66.999	89.700	32.900	0.560	56.910	61.420	0.000	46.990	0.000	26.250	33.600
Jun-13	1.260	0.960	0.280	6.880	159.780	153.700	122.300	4.500	93.160	48.540	464.600	294.370	204.600	455.400	3.240	739.200	11.670	55.440	25.140	26.309	88.800	12.100	0.470	40.120	30.260	0.000	7.130	8.280	13.920	15.100
Jul-13	1.270	0.990	0.340	5.260	0.000	110.000	139.500	5.620	56.130	21.870	259.100	144.760	174.900	322.200	3.730	433.100	9.160	33.450	33.140	42.076	32.000	18.900	0.610	51.140	31.040	39.100	21.060	16.130	13.500	13.200
Aug-13	2.970	0.900	0.000	7.330	0.000	78.200	136.400	4.470	42.300	9.600	0.000	130.780	162.100	341.800	2.880	401.400	6.080	29.730	21.400	18.823	45.400	10.700	0.480	49.250	23.350	83.500	10.040	6.500	9.120	18.700
Sep-13	3.380	0.990	0.000	8.600	0.000	189.500	117.700	7.140	79.460	26.840	77.300	319.820	81.000	316.400	4.030	428.500	12.390	43.800	45.640	65.825	66.700	25.800	0.560	63.150	35.630	138.300	39.350	14.530	12.020	25.000
Oct-13	3.990	0.000	0.000	8.510	43.570	69.800	90.300	10.380	67.680	7.600	119.600	176.690	81.500	260.300	7.190	211.100	7.970	20.020	38.360	49.342	12.400	22.600	1.040	18.770	35.120	39.000	14.930	5.690	7.700	9.000
Nov-13	5.210	0.000	0.000	9.390	74.340	118.400	113.600	15.720	50.500	18.720	201.700	219.390	156.500	0.000	4.000	332.600	7.250	35.510	40.680	51.776	29.500	16.600	0.550	18.770	40.020	63.800	21.950	19.370	11.380	21.700
Dec-13	4.900	0.000	0.000	6.210	94.150	224.900	138.300	8.250	76.840	30.350	0.000	316.530	217.600	465.200	4.820	262.300	11.320	59.030	50.380	76.787	53.400	27.900	0.520	30.950	42.250	74.000	58.630	23.690	11.990	29.300
Jan-14	5.570	0.000	0.000	9.830	185.130	217.200	121.600	11.880	110.660	50.650	0.000	488.190	267.300	500.700	4.970	521.400	11.590	40.390	45.360	61.347	45.100	28.700	0.700	44.520	53.940	148.400	45.080	31.340	32.330	158.300
Feb-14	4.440	0.000	0.000	0.000	104.330	278.100	55.600	8.180	100.340	59.660	67.900	389.250	193.500	219.200	5.810	484.700	14.190	44.690	26.640	38.726	80.300	12.000	0.460	54.190	34.890	177.900	20.500	11.050	21.560	121.500
Mar-14	0.000	0.000	0.000	0.000	30.570	115.400	43.200	2.830	34.880	9.730	79.400	166.430	74.500	130.500	2.690	145.000	5.870	20.370	13.210	14.335	12.400	2.400	0.250	15.530	14.400	50.700	6.480	4.580	10.040	31.800
Apr-14	0.000	0.000	0.000	0.000	74.060	118.800	152.100	2.590	29.180	9.220	212.000	144.210	127.100	513.900	1.680	237.800	7.650	21.300	15.550	12.571	7.400	4.300	0.160	7.700	19.050	27.000	7.180	6.610	8.020	9.100
May-14	0.000	0.000	0.000	0.000	168.540	234.100	120.700	3.780	89.980	37.000	243.400	238.490	229.000	683.400	6.630	349.600	15.990	40.210	32.460	43.429	34.600	14.100	0.470	14.700	40.660	57.400	29.500	22.570	14.950	15.800
Jun-14	7.130	0.000	0.000	0.000	75.770	180.500	183.100	4.280	90.620	54.280	315.600	115.460	244.900	654.500	6.220	0.000	15.990	44.610	29.190	33.937	74.500	10.200	0.530	41.720	37.340	78.400	24.020	17.910	14.960	24.500
Jul-14	12.230	0.000	0.000	0.000	45.380	78.200	143.500	5.240	29.720	6.230	204.600	88.850	117.300	180.700	4.700	0.000	6.820	17.430	15.970	11.503	25.200	3.200	0.470	35.670	13.630	47.500	6.200	4.500	7.050	6.900
Aug-14	5.500	0.000	0.000	0.000	62.570	133.600	127.400	5.920	46.050	18.760	182.600	189.860	130.500	248.700	2.590	415.100	11.620	26.700	29.560	43.907	28.600	22.100	0.580	29.670	30.070	48.900	37.770	37.480	9.160	10.700
Sep-14	7.140	0.000	0.000	0.000	0.000	103.000	159.400	3.710	35.920	15.900	221.000	152.710	153.100	311.600	2.600	385.400	6.000	31.500	21.270	19.150	17.700	8.000	0.520	23.300	26.530	50.800	19.070	11.930	8.120	12.200
Oct-14	0.000	0.000	0.000	0.000	96.150	106.000	102.500	3.840	72.000	13.900	189.300	227.240	146.400	238.700	10.590	327.000	14.960	23.180	50.800	0.000	15.400	65.000	1.870	11.900	53.870	50.000	62.870	31.210	11.420	13.400
Nov-14	0.000	0.000	0.000	0.000	114.050	228.600	129.400	8.070	107.330	39.150	304.200	383.200	246.200	400.800	7.260	640.900	16.210	53.110	47.540	55.165	56.400	23.600	1.080	26.610	45.250	94.000	58.460	41.420	17.160	36.600
Dec-14	0.000	0.000	0.000	0.000	80.440	183.000	100.300	7.040	93.220	46.190	290.200	330.890	244.300	393.700	6.700	350.700	10.540	44.140	41.760	46.447	0.000	17.200	1.080	0.000	36.070	119.600	33.510	20.330	15.310	113.800
Jan-15	4.350	0.000	0.000	5.950	122.940	248.600	181.000	11.710	114.250	56.020	489.700	486.820	333.600	630.500	6.470	1368.300	11.620	75.860	47.470	53.502	50.500	23.000	0.650	90.470	62.890	338.500	44.330	28.460	28.030	123.300
Feb-15	4.840	0.000	0.000	4.880	47.380	133.000	122.000	3.990	58.580	11.180	282.300	248.400	191.500	389.400	4.950	1358.100	4.370	34.740	20.270	6.122	82.600	3.600	0.330	78.350	29.430	274.000	8.740	7.810	23.010	53.400
Mar-15	0.000	0.000	0.000	5.240	38.220	89.700	24.000	2.100	17.860	6.840	36.700	92.210	47.800	80.400	1.850	0.000	2.070	14.630	7.430	0.781	2.500	1.100	0.090	9.440	14.480	26.300	1.790	2.310	8.240	5.100
Apr-15	0.000	0.000	0.000	6.450	68.680	120.100	51.200	2.280	25.380	12.340	70.500	132.950	60.900	116.900	1.610	96.300	2.380	32.100	33.420	5.366	7.600	4.400	0.000	7.980	99.250	16.400	3.620	3.990	7.290	3.700
May-15	8.070	0.000	0.000	13.300	137.510	158.500	175.500	4.160	69.450	41.260	296.200	239.000	248.800	364.200	2.050	341.400	5.730	50.210	32.090	14.969	46.600	7.100	0.000	25.030	98.500	58.300	67.510	18.860	9.370	6.900
Jun-15	6.960	0.000	0.000	3.780	74.080	103.200	95.300	3.480	79.030	15.220	130.500	152.390	104.100	196.600	3.630	258.200	3.930	27.050	38.240	39.598	20.300	22.500	0.000	13.990	52.540	27.300	32.420	13.430	6.600	6.500
Jul-15	4.940	0.000	0.000	0.000	20.790	63.700	23.200	3.440	60.670	5.480	65.100	78.470	33.500	57.500	3.910	0.000	6.310	14.660	25.700	15.775	8.300	9.800	0.000	12.690	30.480	19.600	168.950	10.290	5.530	6.300
Aug-15	5.760	0.000	0.000	6.810	26.380	86.800	56.500	9.880	113.630	7.670	73.000	205.620	53.200	109.900	11.650	581.100	12.250	35.390	55.210	60.536	9.800	36.000	0.820	9.480	72.690	33.000	49.570	21.450	11.530	11.600
Sep-15	7.890	0.000	2.760	16.630	63.870	65.400	150.600	5.550	40.170	3.370	173.300	100.780	119.300	229.400	3.290	1144.400	3.870	26.100	18.180	4.853	13.000	7.400	0.780	21.470	27.470	27.600	10.430	12.110	8.760	7.000
Oct-15	3.270	0.000	2.410	18.830	43.180	85.200	78.500	5.340	31.120	10.990	116.800	131.370	92.000	150.100	3.130	1092.100	4.640	45.170	27.110	13.424	19.500	12.000	0.970	14.980	43.620	36.200	31.830	21.380	10.880	10.000
Nov-15	8.240	0.000	3.830	21.200	96.500	197.400	195.500	6.880	50.690	22.670	260.400	269.130	173.800	380.100	5.230	1817.600	4.800	46.890	23.750	23.622	51.100	25.400	0.430	29.990	39.320	58.300	52.950	12.950	10.600	19.500
Dec-15	7.220	0.000	3.760	8.820	76.410	186.200	118.300	4.710	36.640	17.960	178.800	251.100	133.300	259.500	3.780	1171.900	5.130	30.890	7.500	9.543	16.600	17.100	0.310	22.540	49.100	68.700	68.010	16.230	12.910	32.900
Jan-16	4.880	0.000	2.070	12.260	55.230	74.400	101.300	1.140	13.420	0.000	192.800	85.960	140.500	276.600	1.350	1366.600	1.960	35.840	3.740	1.267	12.600	3.400	0.150	16.930	15.900	37.700	41.420	4.750	8.940	14.400
Feb-16	3.880	0.000	1.380	9.820	23.840	48.900	29.900	1.620	9.900	0.990	68.900	30.430	55.200	122.500	0.750	715.400	1.150	21.340	6.990	0.860	7.300	1.700	0.090	27.280	8.500	66.700	30.240	2.710	12.640	33.200
Mar-16	3.770	0.000	1.480	2.300	20.730	52.700	19.300	1.990	6.190	1.080	33.500	25.430	19.900	60.200	0.360	217.000	0.160	13.270	4.290	0.155	1.500	0.700	0.050	7.200	4.890	22.400	16.200	1.830	5.610	12.000
Apr-16	3.130	0.000	1.910	3.060	76.490	68.500	62.900	2.310	24.870	15.150	82.800	71.300	78.300	38.500	1.040	125.700	1.870	22.320	8.930	4.570	7.300	5.900	0.070	7.890	7.510	12.900	26.290	2.270	3.650	4.900
May-16	6.960	0.000	2.390	7.290	128.090	96.100	147.000	4.830	35.200	11.980	211.300	130.880	166.200	272.400	2.400	578.800	2.170	26.980	24.000	13.899	10.200	19.800	0.170	10.560	22.880	19.600	46.440	8.700	6.290	6.000
Jun-16	7.070	0.000	2.450	2.720	112.210	131.300	143.200	4.160	51.640	15.740	275.600	196.100	220.800	354.900	3.640	453.500	4.880	45.900	25.740	10.397	28.200	17.100	0.300	17.130	25.690	38.500	51.580	12.030	7.870	10.500
Jul-16	0.000	0.000	2.350	20.920	75.750	94.300	127.200	4.850	36.620	20.350	225.100	127.240	166.700	298.700	3.300	1145.700	6.110	39.230	17.640	16.412	35.700	18.900	0.430	20.710	37.410	74.200	46.930	14.130	8.200	7.100
Aug-16	1.650	0.000	3.930	17.150	62.470	59.200	121.400	3.610	24.880	6.680	158.800	60.080	91.300	260.700	2.520	1031.200	4.780	23.940	28.500	6.268	19.700	11.200	0.320	31.910	22.410	37.700	18.470	5.850	4.390	3.300
Sep-16	5.310	0.000	1.990	32.780	55.640	107.300	149.200	8.790	33.620	8.200	216.700	171.860	151.300	307.700	2.550	548.100	5.660	40.850	19.850	17.780	55.000	27.300	0.720	58.390	40.580	74.700	33.290	14.830	8.930	7.900
Oct-16	7.510	0.000	2.980	124.510	0.000	87.600	211.700	4.600	23.840	4.600	313.500	105.370	157.800	442.800	3.620	683.600	4.490	23.900	50.850	9.569	16.000	14.000	0.500	66.690	18.820	81.300	24.870	6.690	6.970	6.800
Nov-16	6.490	0.000	4.720	25.900	275.370	92.100	150.900	5.540	52.520	14.430	222.900	271.380	137.600	312.900	5.960	405.400	6.840	38.420	34.980	51.218	18.800	31.800	0.960	23.370	65.760	104.400	46.990	24.460	16.000	20.500
Dec-16	9.500	0.000	4.770	26.480	138.390	121.500	229.100	5.890	55.650	26.490	459.300	271.870	359.100	590.500	2.610	947.200	6.050	65.010	20.850	19.931	80.300	22.700	0.840	43.330	70.200	106.000	46.340	30.480	21.760	74.200
Jan-17	0.000	0.000	4.170	10.360	54.150	161.500	184.000	6.360	41.900	15.410	439.400	167.480	245.400	570.100	1.220	905.400	3.630	57.370	20.190	7.259	118.700	11.900	0.640	160.280	28.850	620.400	28.380	22.310	49.630	413.000
Feb-17	5.630	0.000	2.500	2.860	50.490	128.900	106.400	4.530	34.160	15.460	260.700	171.040	278.700	376.400	2.460	648.000	3.370	39.320	21.920	11.707	26.200	24.900	0.520	28.290	23.430	109.500	24.530	12.530	19.910	74.600
Mar-17	6.360	0.000	1.900	6.600	66.400	143.900	148.400	3.660	51.770	21.280	309.500	213.190	542.600	422.200	2.530	692.800	5.160	38.330	20.220	5.504	24.600	22.500	0.490	50.480	29.180	192.600	29.610	9.910	24.930	75.700
Apr-17	11.850	0.000	0.000	15.470	163.920	194.900	168.400	0.000	133.250	70.750	299.700	459.540	796.600	471.700	7.700	835.300	10.190	59.520	40.800	29.277	49.700	42.500	0.520	32.290	47.620	241.000	48.980	28.090	36.390	167.200
May-17	11.460	1.100	0.000	34.290	192.560	239.800	246.800	0.000	119.190	50.030	691.000	447.710	555.300	333.800	7.010	1195.900	14.850	88.260	50.190	40.097	170.000	52.100	0.500	96.420	69.540	131.800	52.500	24.810	22.160	51.000
Jun-17	7.350	0.890	0.000	26.940	180.920	223.000	295.300	4.920	92.150	51.440	680.500	410.410	562.500	790.700	4.350	1994.400	8.860	100.030	38.760	16.977	178.000	17.600	0.810	121.640	41.350	224.600	56.310	29.580	27.250	62.800
Jul-17	8.630	0.940	0.000	40.620	112.440	133.400	124.100	3.260	55.120	24.120	336.100	202.830	323.500	371.800	4.690	1019.500	6.420	58.320	38.120	25.375	105.200	16.800	0.980	105.340	58.120	274.000	44.190	29.920	31.570	59.500
Aug-17	8.410	0.990	0.000	37.050	83.110	166.600	100.600	17.820	71.690	21.050	281.700	262.970	253.000	380.400	2.710	719.900	10.200	61.580	30.040	14.782	97.600	24.300	0.430	71.240	48.240	0.000	35.310	17.030	19.370	18.600
Sep-17	9.490	1.080	0.290	21.280	100.470	117.800	125.100	8.770	74.690	33.360	321.000	284.440	274.300	406.300	2.360	684.600	8.740	71.240	39.500	17.576	116.000	29.500	1.160	99.380	50.620	142.400	34.240	19.190	16.530	27.200
Oct-17	10.880	1.080	2.820	11.840	95.320	144.500	133.300	12.300	138.550	43.540	530.200	393.710	372.300	422.500	9.340	1497.300	21.080	77.640	59.990	22.656	106.700	52.500	2.800	74.800	123.890	137.900	65.250	32.610	25.160	0.000
Nov-17	14.540	1.160	3.960	15.150	78.530	109.600	139.500	10.370	74.340	18.930	252.700	315.470	206.600	327.500	5.420	693.500	9.810	50.450	31.120	12.077	35.300	13.700	1.520	30.030	56.690	69.800	29.290	21.210	25.160	25.200
Dec-17	15.240	1.140	3.420	0.000	106.790	113.800	224.100	9.020	89.520	54.770	298.500	281.920	171.000	398.300	6.870	634.900	12.290	64.700	63.460	53.448	47.300	60.300	1.780	74.230	85.290	219.100	36.890	34.040	39.170	77.000
Jan-18	18.270	0.000	3.030	0.000	122.070	210.400	221.300	8.280	118.120	50.980	568.500	440.960	427.000	709.300	4.390	1650.700	11.250	64.570	38.120	12.279	75.500	19.900	0.930	104.500	0.000	342.700	39.520	30.170	47.290	244.500
Feb-18	12.060	1.010	2.470	0.000	72.320	138.300	44.400	6.950	75.850	35.450	186.600	301.780	0.000	267.000	4.350	587.400	8.430	45.120	34.490	7.342	11.800	19.600	0.890	14.570	47.590	54.700	27.510	19.710	30.000	57.600
Mar-18	8.190	1.020	2.140	0.000	44.520	114.900	54.700	4.990	76.100	35.310	159.500	244.240	204.800	303.700	3.860	1733.700	9.350	47.120	34.690	7.742	25.900	11.300	0.440	63.050	41.690	131.600	20.210	11.610	23.150	62.300
Apr-18	10.580	1.180	4.570	0.000	144.380	147.500	162.800	4.830	67.150	45.750	256.700	252.160	180.700	260.300	4.200	2035.200	6.590	38.550	26.660	5.050	13.800	5.800	0.430	17.220	31.730	65.900	17.030	8.920	16.970	16.700
May-18	6.450	1.060	3.070	0.000	157.120	209.700	154.800	8.940	118.720	57.360	296.900	430.930	236.300	0.000	8.900	1764.400	9.850	43.810	50.240	25.090	34.000	28.500	0.500	29.110	64.640	58.800	30.100	17.050	22.780	29.100
Jun-18	8.220	1.070	2.240	0.000	96.650	117.400	124.000	5.460	69.970	26.210	211.700	241.950	267.800	0.000	5.640	1464.400	6.720	26.450	39.100	13.994	17.900	25.300	0.450	31.790	42.600	45.800	21.160	7.970	14.700	16.000
Jul-18	11.280	1.030	2.180	11.260	43.440	130.200	55.300	5.890	49.970	11.520	92.000	296.290	119.500	0.000	5.150	1792.100	7.670	25.730	44.740	11.092	23.600	37.900	0.750	31.760	40.340	49.300	23.960	8.450	11.620	7.300
Aug-18	14.610	1.060	3.390	29.690	53.610	69.900	152.000	4.670	27.940	5.660	192.500	54.300	111.800	0.000	3.620	1957.300	4.850	8.360	32.980	4.101	6.600	0.000	1.230	14.730	20.390	21.900	16.530	5.480	8.420	4.100
Sep-18	12.130	0.960	3.890	61.050	125.700	95.000	160.800	3.930	26.300	7.820	253.600	109.170	0.000	0.000	2.370	2125.000	4.510	9.810	22.610	2.806	16.000	0.800	0.900	26.300	28.360	44.600	22.990	13.680	9.480	9.600
Oct-18	8.890	0.940	1.760	3.250	84.370	124.400	124.000	5.510	31.450	19.920	293.600	177.640	0.000	0.000	1.820	2239.600	3.530	49.850	22.640	2.099	49.200	6.200	0.810	24.380	37.980	43.600	24.290	16.940	9.720	9.300
Nov-18	10.210	1.100	3.700	0.000	116.470	103.100	159.500	7.730	40.530	21.610	299.600	241.910	0.000	0.000	4.940	2255.000	3.700	39.870	30.290	5.750	9.700	9.200	0.930	26.400	30.930	57.000	19.640	11.510	11.450	23.800
Dec-18	0.000	1.090	3.140	0.000	48.990	74.600	133.400	9.090	0.000	8.410	265.300	412.050	227.400	0.000	3.430	2755.800	2.790	45.810	26.130	24.068	20.600	3.600	0.510	40.270	15.890	75.900	16.060	8.650	13.210	90.600
Jan-19	0.000	1.010	3.100	0.000	34.300	77.900	106.200	5.770	18.090	7.500	301.000	104.360	0.000	0.000	2.350	2755.800	2.320	95.980	22.590	0.037	112.600	1.800	0.560	200.300	13.780	581.600	23.600	11.690	36.180	189.300
Feb-19	0.000	0.890	1.550	0.000	18.890	0.000	48.900	3.240	9.820	2.370	77.800	53.770	0.000	0.000	0.610	1454.600	0.880	57.150	14.900	1.092	10.400	0.700	1.670	18.930	7.770	58.500	11.950	4.350	12.760	11.300
Mar-19	0.000	0.830	2.030	15.430	31.510	0.000	35.200	4.040	6.580	2.280	47.100	74.200	54.900	0.000	0.710	733.900	0.000	22.390	14.550	10.152	1.800	0.600	1.200	14.440	9.730	37.900	12.760	3.150	9.440	15.900
Apr-19	5.220	1.000	2.230	9.980	69.170	119.000	52.900	3.960	0.000	12.810	67.800	118.170	46.900	0.000	0.550	712.400	2.290	21.690	25.000	4.162	2.900	2.000	0.330	8.300	22.970	21.100	14.710	4.950	8.480	4.700
May-19	9.740	1.090	3.690	24.050	78.930	112.700	141.200	4.850	0.000	13.130	214.800	126.600	158.500	297.200	0.970	609.500	4.150	35.510	26.850	6.142	42.600	6.700	0.310	26.640	26.990	28.800	16.120	0.000	7.150	4.300
Jun-19	6.640	1.100	3.970	26.950	139.950	119.600	202.300	6.490	0.000	24.940	427.800	246.860	352.000	49.400	2.420	1319.900	5.850	64.350	30.410	11.219	72.200	30.700	0.510	51.650	47.340	69.100	30.890	0.000	11.240	13.400
Jul-19	12.340	1.050	2.640	39.540	57.850	104.500	136.500	4.430	0.000	12.700	243.700	119.720	195.400	394.000	2.440	1115.100	0.000	38.080	24.830	0.372	30.300	25.500	0.830	54.760	31.310	61.700	22.210	12.520	9.780	10.300
Aug-19	8.930	0.960	2.650	0.000	60.700	71.700	88.300	2.900	0.000	5.250	168.800	73.230	110.000	274.500	2.070	525.300	0.000	48.630	19.850	0.050	53.800	25.100	0.690	58.780	18.850	71.100	17.990	5.880	7.780	3.300
Sep-19	6.970	0.880	1.590	0.000	36.260	34.900	55.800	2.470	0.000	1.640	111.500	0.000	49.600	120.600	1.300	580.400	2.630	41.000	21.300	1.233	5.600	9.300	0.690	16.430	18.480	36.800	16.430	6.970	5.410	1.900
Oct-19	6.810	0.860	2.670	0.000	59.120	48.600	87.000	7.930	0.000	21.140	201.300	160.050	148.900	294.200	2.890	1163.900	14.360	54.680	48.390	10.894	17.300	31.900	0.730	27.920	58.250	46.600	36.300	23.490	8.790	7.800
Nov-19	7.910	0.940	2.300	0.000	101.710	82.400	129.500	6.310	0.000	0.000	239.200	253.280	174.700	0.000	4.060	675.300	13.350	39.310	49.060	10.545	11.200	33.600	0.970	28.150	47.560	16.200	21.370	0.000	10.330	68.000
Dec-19	35.410	1.030	2.160	0.000	149.390	221.900	260.000	0.000	0.000	0.000	670.300	507.070	328.900	0.000	6.360	1604.800	15.270	83.110	52.110	16.432	92.700	23.800	0.490	78.760	69.170	0.000	23.600	0.000	26.260	200.600
Jan-20	16.060	0.960	2.500	0.000	71.320	148.500	163.700	6.120	0.000	0.000	452.600	263.120	166.100	0.000	1.250	1172.100	6.000	45.450	25.410	1.870	30.800	7.000	0.240	46.840	22.690	4.100	17.700	8.560	18.740	79.500
Feb-20	0.000	0.000	0.000	0.000	0.000	110.700	68.600	2.960	26.170	0.000	125.800	76.300	0.000	0.000	0.650	267.600	2.030	23.020	15.920	15.110	6.100	0.600	0.230	15.300	9.590	45.200	14.920	3.190	10.630	25.400
Mar-20	0.000	0.000	0.000	0.000	0.000	0.000	54.100	3.370	9.480	0.000	66.800	50.940	0.000	0.000	1.170	257.400	1.760	24.650	22.980	12.491	2.400	1.400	0.250	8.760	11.130	27.500	8.580	1.860	9.050	4.200
Apr-20	0.000	0.000	0.000	0.000	0.000	0.000	96.100	3.720	0.000	0.000	102.900	0.000	0.000	0.000	0.950	669.700	1.340	24.520	27.800	2.822	1.500	3.400	0.270	0.000	13.370	15.700	10.000	0.000	6.340	0.200
May-20	0.000	0.000	0.000	0.000	0.000	0.000	0.000	6.690	0.000	0.000	114.700	148.580	0.000	0.000	3.640	495.200	13.350	38.510	43.010	15.875	10.800	16.800	1.050	12.010	49.390	36.400	22.910	0.000	9.670	0.300
Jun-20	0.000	0.000	0.000	0.000	0.000	0.000	0.000	7.130	0.000	0.000	188.900	333.450	0.000	0.000	3.320	381.000	13.820	55.470	43.060	0.000	25.900	40.100	1.170	24.090	90.290	68.000	33.910	0.000	17.590	6.300
Jul-20	0.000	0.000	0.000	0.000	0.000	204.100	152.900	4.820	0.000	0.000	267.100	381.250	0.000	0.000	8.730	419.700	15.530	0.000	0.000	0.000	46.800	62.500	0.000	43.230	109.850	78.700	0.000	0.000	36.830	24.500
Aug-20	0.000	0.000	0.000	0.000	0.000	123.100	147.300	5.680	0.000	0.000	269.600	0.000	0.000	0.000	2.560	602.800	8.210	78.920	0.000	0.000	39.700	10.800	0.000	33.570	48.820	68.300	0.000	0.000	13.270	4.300
Sep-20	0.000	0.000	0.000	0.000	60.780	0.000	141.200	16.380	0.000	0.000	161.000	0.000	0.000	368.400	2.920	307.600	10.640	49.050	0.000	0.000	11.700	36.200	0.000	15.910	55.240	84.300	31.410	0.000	16.850	18.200
Oct-20	0.000	0.000	0.000	0.000	83.880	0.000	192.500	0.000	0.000	0.000	295.000	0.000	0.000	288.500	7.320	723.000	10.720	0.000	0.000	0.000	89.800	0.000	0.000	37.840	71.040	124.900	30.410	0.000	15.240	14.100
Nov-20	0.000	0.000	0.000	0.000	123.800	0.000	270.700	0.000	0.000	0.000	491.000	0.000	0.000	812.500	8.960	1232.200	8.910	0.000	0.000	0.000	68.900	0.000	0.000	0.000	93.730	160.700	25.320	0.000	24.970	114.100
Dec-20	0.000	0.000	0.000	0.000	159.170	0.000	169.000	0.000	0.000	0.000	341.400	0.000	0.000	0.000	3.880	641.800	0.000	64.090	0.000	0.000	53.900	0.000	0.000	54.900	99.420	154.100	23.030	0.000	27.970	67.200
Flow Mean	3.36875	1.124375	2.187	11.96358333	81.74620833	124.9720833	130.84375	6.162041667	59.228875	19.93870833	310.75	231.4034583	193.66625	344.8979167	3.704083333	687.395	7.547208333	45.57741667	28.18529167	32.43025833	62.93333333	16.28916667	0.709875	47.22566667	40.62091667	98.98125	38.596625	16.28145833	15.68016667	41.46291667
Standard Deviation	4.10124036	1.280026651	2.203200639	28.05072882	53.42815335	70.53444166	71.46025465	3.490864287	42.86937173	19.37840984	191.8419749	139.1995183	145.2792541	294.6539966	2.734860799	515.7289996	4.661852411	23.74108319	14.92756533	24.13140476	79.78004316	11.65728745	0.544046885	44.66829434	25.00629829	124.8772081	24.71883927	12.64560029	13.54995187	66.11613087
Flow CV	1.217436842	1.138433931	1.007407699	2.344676176	0.653585707	0.564401583	0.546149546	0.566510984	0.723791761	0.971898957	0.617351488	0.601544676	0.750152668	0.854322344	0.738336736	0.750265858	0.617692292	0.520895762	0.529622525	0.744101527	1.267691364	0.715646644	0.766398148	0.94584783	0.615601526	1.261624884	0.640440434	0.7766872	0.864145909	1.59458466
